time	cluster	x0	y0	major	minor	Area	SumIntensity	RawIntensity	MeanIntensity	NumPuncta
0	0	0.000	0.000	0.000	0.000	0.000	0.000	0.000	0.000	0.000
1	0	0.174	0.220	0.518	0.350	0.142	1.498	1665.000	10.538	0.002
1	1	1.830	1.375	1.281	0.642	0.645	6.317	7019.000	9.789	0.004
1	2	1.100	1.299	0.495	0.387	0.150	1.233	1370.000	8.204	0.002
1	3	0.703	1.737	0.171	0.114	0.015	0.107	119.000	7.000	9.000E-4
1	4	0.498	1.967	0.234	0.167	0.031	0.201	223.000	6.559	9.000E-4
2	0	0.176	0.180	0.435	0.358	0.122	1.303	1448.000	10.647	0.002
2	1	1.823	1.367	1.261	0.635	0.629	6.105	6783.000	9.704	0.004
2	2	1.110	1.280	0.517	0.377	0.153	1.164	1293.000	7.606	0.002
2	3	0.490	1.969	0.224	0.159	0.028	0.202	225.000	7.258	9.000E-4
3	0	0.168	0.205	0.485	0.349	0.133	1.319	1465.000	9.899	0.002
3	1	1.827	1.369	1.242	0.614	0.598	5.738	6376.000	9.588	0.004
3	2	1.099	1.302	0.521	0.350	0.143	1.185	1317.000	8.283	9.000E-4
3	3	0.682	1.804	0.281	0.147	0.032	0.211	234.000	6.500	9.000E-4
3	4	0.470	1.965	0.163	0.162	0.021	0.143	159.000	6.913	9.000E-4
4	0	0.164	0.215	0.508	0.331	0.132	1.242	1380.000	9.388	0.002
4	1	1.938	0.698	0.300	0.256	0.060	0.555	617.000	9.209	9.000E-4
4	2	1.821	1.453	1.048	0.600	0.494	4.909	5454.000	9.934	0.003
4	3	1.082	1.314	0.495	0.370	0.144	1.172	1302.000	8.137	9.000E-4
4	4	0.688	1.782	0.166	0.131	0.017	0.121	134.000	7.053	9.000E-4
5	0	0.169	0.230	0.520	0.330	0.135	1.313	1459.000	9.727	0.002
5	1	1.833	1.332	1.243	0.599	0.585	5.368	5965.000	9.177	0.004
5	2	1.101	1.307	0.503	0.328	0.130	1.113	1237.000	8.590	9.000E-4
6	0	0.164	0.201	0.472	0.335	0.124	1.192	1325.000	9.601	9.000E-4
6	1	1.821	1.344	1.214	0.589	0.562	5.402	6002.000	9.619	0.003
6	2	1.099	1.308	0.553	0.334	0.145	1.069	1188.000	7.379	0.002
6	3	0.705	1.785	0.155	0.155	0.019	0.141	157.000	7.476	9.000E-4
7	0	0.167	0.205	0.488	0.350	0.134	1.247	1386.000	9.302	9.000E-4
7	1	1.833	1.332	1.260	0.580	0.573	5.329	5921.000	9.295	0.004
7	2	1.070	1.316	0.531	0.345	0.144	1.136	1262.000	7.888	0.002
7	3	0.405	2.040	0.169	0.135	0.018	0.139	154.000	7.700	9.000E-4
8	0	0.164	0.200	0.465	0.333	0.121	1.122	1247.000	9.237	0.002
8	1	1.917	0.679	0.287	0.244	0.055	0.431	479.000	7.852	0.002
8	2	1.813	1.443	1.024	0.579	0.466	4.460	4956.000	9.568	0.002
8	3	1.069	1.307	0.459	0.335	0.121	0.903	1003.000	7.485	9.000E-4
8	4	0.730	1.765	0.168	0.123	0.016	0.107	119.000	6.611	9.000E-4
9	0	0.161	0.164	0.406	0.339	0.108	1.013	1126.000	9.383	9.000E-4
9	1	1.901	0.733	0.468	0.267	0.098	0.790	878.000	8.055	0.003
9	2	1.811	1.498	0.972	0.545	0.416	4.162	4625.000	10.011	0.004
9	3	1.049	1.306	0.433	0.358	0.121	0.927	1030.000	7.630	9.000E-4
9	4	0.780	1.755	0.203	0.102	0.016	0.100	111.000	6.167	9.000E-4
10	0	0.160	0.195	0.456	0.317	0.113	1.085	1206.000	9.571	0.002
10	1	1.922	0.703	0.413	0.233	0.076	0.594	660.000	7.857	0.002
10	2	1.812	1.486	0.985	0.535	0.414	3.695	4106.000	8.926	0.003
10	3	1.052	1.328	0.405	0.365	0.116	0.914	1016.000	7.876	0.002
11	0	0.163	0.184	0.415	0.323	0.105	0.923	1026.000	8.769	0.002
11	1	1.913	0.691	0.418	0.249	0.082	0.640	711.000	7.813	9.000E-4
11	2	1.813	1.489	0.945	0.558	0.414	3.712	4124.000	8.965	0.002
11	3	1.089	1.319	0.336	0.324	0.085	0.622	691.000	7.274	0.002
11	4	0.408	2.026	0.186	0.123	0.018	0.116	129.000	6.450	9.000E-4
12	0	0.149	0.193	0.463	0.282	0.103	0.901	1001.000	8.781	9.000E-4
12	1	1.898	0.695	0.436	0.239	0.082	0.588	653.000	7.176	9.000E-4
12	2	1.631	1.318	0.689	0.299	0.162	1.246	1385.000	7.694	0.003
12	3	1.060	1.360	0.387	0.293	0.089	0.583	648.000	6.545	9.000E-4
12	4	1.941	1.655	0.658	0.437	0.226	2.285	2539.000	10.116	9.000E-4
13	0	0.154	0.183	0.419	0.285	0.094	0.889	988.000	9.500	9.000E-4
13	1	1.922	0.685	0.474	0.217	0.081	0.572	636.000	7.067	0.003
13	2	1.621	1.341	0.708	0.283	0.158	1.140	1267.000	7.240	0.003
13	3	1.073	1.357	0.346	0.298	0.081	0.559	621.000	6.900	9.000E-4
13	4	1.955	1.676	0.658	0.413	0.213	2.360	2622.000	11.063	0.002
14	0	0.158	0.165	0.369	0.295	0.085	0.809	899.000	9.463	9.000E-4
14	1	1.904	0.706	0.463	0.208	0.076	0.500	556.000	6.619	9.000E-4
14	2	1.633	1.303	0.637	0.252	0.126	0.916	1018.000	7.271	9.000E-4
14	3	1.076	1.340	0.306	0.285	0.068	0.459	510.000	6.711	9.000E-4
14	4	1.959	1.654	0.657	0.412	0.212	2.250	2500.000	10.593	9.000E-4
15	0	0.152	0.161	0.341	0.319	0.085	0.805	894.000	9.411	0.002
15	1	1.909	0.706	0.377	0.210	0.062	0.417	463.000	6.710	9.000E-4
15	2	1.635	1.310	0.790	0.252	0.157	1.199	1332.000	7.655	9.000E-4
15	3	1.068	1.356	0.321	0.261	0.066	0.419	466.000	6.384	9.000E-4
15	4	1.962	1.656	0.671	0.377	0.199	2.064	2293.000	10.376	9.000E-4
15	5	0.345	2.055	0.248	0.106	0.021	0.147	163.000	7.087	9.000E-4
16	0	0.162	0.145	0.316	0.305	0.076	0.715	794.000	9.452	0.002
16	1	1.911	0.759	0.384	0.191	0.058	0.379	421.000	6.578	9.000E-4
16	2	1.652	1.281	0.672	0.273	0.144	1.112	1236.000	7.725	9.000E-4
16	3	1.045	1.379	0.266	0.190	0.040	0.252	280.000	6.364	9.000E-4
16	4	1.944	1.652	0.682	0.400	0.214	2.197	2441.000	10.256	0.002
17	0	0.142	0.160	0.323	0.291	0.074	0.689	766.000	9.341	0.002
17	1	1.921	0.695	0.358	0.202	0.057	0.409	454.000	7.206	9.000E-4
17	2	1.626	1.318	0.680	0.261	0.139	0.988	1098.000	7.084	0.002
17	3	1.017	1.339	0.311	0.225	0.055	0.349	388.000	6.361	9.000E-4
17	4	1.951	1.635	0.669	0.382	0.201	1.948	2164.000	9.704	0.003
18	0	0.151	0.146	0.323	0.291	0.074	0.724	804.000	9.805	0.002
18	1	1.912	0.712	0.317	0.256	0.064	0.484	538.000	7.577	0.002
18	2	1.604	1.361	0.593	0.245	0.114	0.824	916.000	7.213	0.002
18	3	1.077	1.372	0.263	0.231	0.048	0.314	349.000	6.585	9.000E-4
18	4	1.948	1.639	0.664	0.397	0.207	1.931	2146.000	9.330	9.000E-4
19	0	0.150	0.171	0.280	0.278	0.061	0.569	632.000	9.294	9.000E-4
19	1	1.901	0.757	0.392	0.216	0.067	0.458	509.000	6.878	9.000E-4
19	2	1.640	1.304	0.679	0.255	0.136	1.035	1150.000	7.616	0.002
19	3	1.115	1.365	0.215	0.155	0.026	0.162	180.000	6.207	9.000E-4
19	4	1.946	1.646	0.700	0.350	0.193	1.728	1920.000	8.972	9.000E-4
20	0	0.170	0.158	0.311	0.284	0.069	0.574	638.000	8.286	9.000E-4
20	1	1.899	0.755	0.375	0.251	0.074	0.534	593.000	7.232	9.000E-4
20	2	1.630	1.321	0.547	0.228	0.098	0.707	786.000	7.211	9.000E-4
20	3	1.110	1.365	0.169	0.135	0.018	0.104	116.000	5.800	0.000
20	4	1.948	1.639	0.630	0.397	0.196	1.737	1930.000	8.853	9.000E-4
21	0	0.153	0.152	0.340	0.250	0.067	0.543	603.000	8.149	9.000E-4
21	1	1.918	0.684	0.311	0.192	0.047	0.292	324.000	6.231	9.000E-4
21	2	1.648	1.290	0.572	0.234	0.105	0.711	790.000	6.752	9.000E-4
21	3	1.111	1.369	0.299	0.214	0.050	0.318	353.000	6.304	9.000E-4
21	4	1.936	1.610	0.568	0.387	0.173	1.599	1777.000	9.255	9.000E-4
22	0	0.152	0.178	0.338	0.227	0.060	0.449	499.000	7.448	9.000E-4
22	1	1.911	0.681	0.334	0.206	0.054	0.349	388.000	6.467	9.000E-4
22	2	1.642	1.271	0.522	0.209	0.085	0.553	615.000	6.474	9.000E-4
22	3	1.110	1.324	0.198	0.197	0.031	0.207	230.000	6.765	9.000E-4
22	4	1.957	1.635	0.615	0.358	0.173	1.491	1657.000	8.630	9.000E-4
23	0	0.149	0.151	0.305	0.255	0.061	0.468	520.000	7.647	9.000E-4
23	1	1.916	0.656	0.270	0.149	0.032	0.203	226.000	6.457	9.000E-4
23	2	1.654	1.277	0.587	0.211	0.097	0.655	728.000	6.741	9.000E-4
23	3	1.948	1.622	0.607	0.344	0.164	1.471	1634.000	8.978	0.002
24	0	0.156	0.152	0.346	0.258	0.070	0.535	595.000	7.628	9.000E-4
24	1	1.922	0.588	0.166	0.131	0.017	0.124	138.000	7.263	9.000E-4
24	2	1.645	1.280	0.518	0.201	0.082	0.551	612.000	6.725	9.000E-4
24	3	1.131	1.323	0.190	0.162	0.024	0.154	171.000	6.333	9.000E-4
24	4	1.935	1.614	0.590	0.373	0.173	1.472	1636.000	8.521	9.000E-4
25	0	0.146	0.163	0.346	0.251	0.068	0.509	566.000	7.447	9.000E-4
25	1	1.902	0.673	0.355	0.174	0.049	0.329	366.000	6.778	0.002
25	2	1.654	1.283	0.534	0.189	0.079	0.547	608.000	6.909	9.000E-4
25	3	1.935	1.625	0.568	0.361	0.161	1.367	1519.000	8.486	9.000E-4
26	0	0.143	0.178	0.398	0.233	0.073	0.535	594.000	7.333	9.000E-4
26	1	1.950	0.600	0.196	0.175	0.027	0.185	206.000	6.867	9.000E-4
26	2	1.691	1.280	0.508	0.147	0.058	0.382	425.000	6.538	0.002
26	3	1.129	1.313	0.218	0.178	0.031	0.208	231.000	6.794	9.000E-4
26	4	1.920	1.622	0.568	0.388	0.173	1.419	1577.000	8.214	9.000E-4
27	0	0.149	0.143	0.338	0.241	0.064	0.492	547.000	7.704	9.000E-4
27	1	1.740	1.185	0.203	0.102	0.016	0.096	107.000	5.944	0.000
27	2	1.122	1.302	0.173	0.159	0.022	0.155	172.000	7.167	9.000E-4
27	3	1.548	1.396	0.180	0.140	0.020	0.126	140.000	6.364	9.000E-4
27	4	1.926	1.640	0.638	0.329	0.165	1.236	1373.000	7.503	9.000E-4
28	0	0.141	0.169	0.413	0.233	0.076	0.591	657.000	7.821	9.000E-4
28	1	1.921	1.626	0.630	0.324	0.160	1.254	1393.000	7.826	9.000E-4
29	0	0.145	0.153	0.302	0.220	0.052	0.388	431.000	7.431	9.000E-4
29	1	1.922	0.594	0.285	0.104	0.023	0.150	167.000	6.423	9.000E-4
29	2	1.125	1.305	0.155	0.155	0.019	0.124	138.000	6.571	9.000E-4
29	3	1.943	1.602	0.674	0.284	0.150	1.112	1236.000	7.401	9.000E-4
30	0	0.133	0.147	0.346	0.192	0.052	0.419	466.000	8.034	9.000E-4
30	1	1.932	0.600	0.293	0.125	0.029	0.199	221.000	6.906	9.000E-4
30	2	1.125	1.290	0.168	0.123	0.016	0.118	131.000	7.278	9.000E-4
30	3	1.910	1.614	0.615	0.302	0.146	1.092	1213.000	7.488	9.000E-4
31	0	0.128	0.155	0.204	0.152	0.024	0.160	178.000	6.593	9.000E-4
31	1	1.970	0.605	0.168	0.123	0.016	0.096	107.000	5.944	9.000E-4
31	2	1.586	1.313	0.373	0.144	0.042	0.245	272.000	5.787	9.000E-4
31	3	1.083	1.288	0.199	0.132	0.021	0.130	145.000	6.304	9.000E-4
31	4	1.927	1.628	0.578	0.274	0.124	0.960	1067.000	7.732	0.002
