time	cluster	x0	y0	major	minor	Area	SumIntensity	RawIntensity	MeanIntensity	NumPuncta
0	0	0.000	0.000	0.000	0.000	0.000	0.000	0.000	0.000	0.000
1	0	2.198	0.297	0.561	0.353	0.156	1.140	1267.000	7.324	0.002
1	1	1.452	0.313	0.385	0.167	0.050	0.319	355.000	6.339	9.000E-4
1	2	0.717	0.853	1.493	0.299	0.351	2.866	3185.000	8.167	0.004
1	3	2.701	0.844	0.416	0.218	0.071	0.483	537.000	6.797	9.000E-4
1	4	2.210	0.861	0.274	0.201	0.043	0.330	367.000	7.646	9.000E-4
1	5	1.685	1.673	1.496	1.062	1.248	16.215	18017.000	12.990	0.006
1	6	0.303	1.635	0.685	0.418	0.225	2.264	2515.000	10.060	0.002
1	7	0.118	2.238	0.232	0.133	0.024	0.156	173.000	6.407	9.000E-4
1	8	0.660	2.280	0.197	0.128	0.020	0.110	122.000	5.545	0.000
1	9	1.139	2.875	0.585	0.302	0.139	1.294	1438.000	9.338	9.000E-4
1	10	2.716	2.872	0.295	0.225	0.052	0.392	436.000	7.517	9.000E-4
2	0	2.158	0.294	0.597	0.313	0.147	1.086	1207.000	7.405	0.002
2	1	1.454	0.327	0.410	0.215	0.069	0.465	517.000	6.714	9.000E-4
2	2	0.746	0.839	1.457	0.295	0.337	2.635	2928.000	7.808	0.003
2	3	2.748	0.815	0.376	0.213	0.063	0.445	494.000	7.057	9.000E-4
2	4	2.170	0.865	0.324	0.205	0.052	0.425	472.000	8.138	9.000E-4
2	5	1.629	1.617	1.496	0.946	1.111	14.770	16411.000	13.288	0.006
2	6	0.339	1.641	0.728	0.376	0.215	2.095	2328.000	9.741	0.002
2	7	1.762	2.277	0.422	0.399	0.132	0.920	1022.000	6.952	0.002
2	8	0.105	2.190	0.203	0.102	0.016	0.095	106.000	5.889	9.000E-4
2	9	0.679	2.240	0.264	0.156	0.032	0.208	231.000	6.417	0.000
2	10	1.136	2.878	0.572	0.294	0.132	1.176	1307.000	8.891	9.000E-4
2	11	2.697	2.897	0.259	0.195	0.040	0.307	341.000	7.750	9.000E-4
3	0	2.155	0.303	0.596	0.329	0.154	1.102	1224.000	7.158	0.002
3	1	1.473	0.324	0.416	0.223	0.073	0.526	584.000	7.210	9.000E-4
3	2	0.718	0.836	1.457	0.271	0.310	2.366	2629.000	7.642	0.003
3	3	2.779	0.838	0.323	0.170	0.043	0.305	339.000	7.062	9.000E-4
3	4	2.220	0.840	0.262	0.131	0.027	0.174	193.000	6.433	9.000E-4
3	5	1.629	1.707	1.577	1.054	1.305	16.076	17862.000	12.319	0.009
3	6	0.350	1.612	0.517	0.384	0.156	1.450	1611.000	9.312	9.000E-4
3	7	0.045	1.605	0.372	0.102	0.030	0.263	292.000	8.848	9.000E-4
3	8	1.132	2.892	0.633	0.264	0.131	1.153	1281.000	8.774	9.000E-4
3	9	2.724	2.885	0.275	0.204	0.044	0.312	347.000	7.082	0.002
4	0	2.220	0.289	0.446	0.355	0.124	0.823	915.000	6.630	9.000E-4
4	1	1.466	0.344	0.428	0.228	0.076	0.528	587.000	6.906	9.000E-4
4	2	0.731	0.841	1.499	0.277	0.326	2.552	2836.000	7.834	0.003
4	3	2.703	0.827	0.434	0.201	0.068	0.417	463.000	6.092	9.000E-4
4	4	2.206	0.852	0.358	0.173	0.049	0.345	383.000	7.093	9.000E-4
4	5	1.665	1.608	1.437	0.964	1.088	14.337	15930.000	13.176	0.008
4	6	0.313	1.608	0.690	0.374	0.202	2.000	2222.000	9.876	0.003
4	7	0.705	1.805	0.160	0.129	0.016	0.106	118.000	6.556	0.000
4	8	1.804	2.262	0.454	0.348	0.124	0.957	1063.000	7.703	9.000E-4
4	9	1.140	2.900	0.540	0.240	0.102	0.886	985.000	8.717	9.000E-4
4	10	2.673	2.895	0.253	0.208	0.041	0.259	288.000	6.261	9.000E-4
5	0	2.565	0.045	0.237	0.102	0.019	0.138	153.000	7.286	9.000E-4
5	1	2.204	0.277	0.469	0.301	0.111	0.824	916.000	7.447	9.000E-4
5	2	1.468	0.361	0.383	0.263	0.079	0.544	604.000	6.864	0.003
5	3	1.193	0.713	0.588	0.236	0.109	0.765	850.000	7.025	9.000E-4
5	4	2.147	0.880	0.355	0.158	0.044	0.298	331.000	6.755	9.000E-4
5	5	2.797	0.832	0.269	0.153	0.032	0.203	226.000	6.278	9.000E-4
5	6	0.392	0.930	0.799	0.296	0.185	1.507	1674.000	8.126	0.004
5	7	1.684	1.669	1.431	1.070	1.202	15.600	17333.000	12.974	0.013
5	8	2.772	1.442	0.166	0.131	0.017	0.103	114.000	6.000	9.000E-4
5	9	0.300	1.611	0.676	0.369	0.196	1.887	2097.000	9.619	0.002
5	10	0.690	1.804	0.193	0.130	0.020	0.121	134.000	6.091	9.000E-4
5	11	0.652	2.272	0.177	0.142	0.020	0.128	142.000	6.455	9.000E-4
5	12	1.117	2.888	0.586	0.264	0.121	1.020	1133.000	8.393	9.000E-4
5	13	2.685	2.893	0.252	0.223	0.044	0.309	343.000	7.000	9.000E-4
6	0	2.225	0.302	0.381	0.349	0.104	0.779	866.000	7.466	9.000E-4
6	1	1.450	0.350	0.548	0.209	0.090	0.636	707.000	7.070	9.000E-4
6	2	0.707	0.852	1.475	0.280	0.324	2.511	2790.000	7.750	0.004
6	3	2.492	0.796	0.257	0.147	0.030	0.202	225.000	6.818	9.000E-4
6	4	2.206	0.857	0.287	0.144	0.032	0.244	271.000	7.528	9.000E-4
6	5	2.883	0.872	0.199	0.132	0.021	0.171	190.000	8.261	9.000E-4
6	6	1.672	1.682	1.462	1.072	1.231	15.186	16873.000	12.334	0.007
6	7	0.343	1.645	0.776	0.366	0.223	1.970	2189.000	8.827	0.002
6	8	2.696	2.845	0.405	0.209	0.067	0.457	508.000	6.865	9.000E-4
6	9	1.107	2.889	0.531	0.274	0.114	0.940	1045.000	8.228	0.002
7	0	2.238	0.284	0.423	0.347	0.115	0.842	936.000	7.312	9.000E-4
7	1	1.471	0.340	0.515	0.196	0.079	0.597	663.000	7.534	9.000E-4
7	2	1.183	0.726	0.595	0.260	0.121	0.833	925.000	6.852	0.002
7	3	0.430	0.928	0.770	0.299	0.181	1.426	1584.000	7.881	0.002
7	4	2.487	0.808	0.199	0.132	0.021	0.137	152.000	6.609	9.000E-4
7	5	2.188	0.867	0.232	0.138	0.025	0.176	196.000	7.000	9.000E-4
7	6	2.880	0.844	0.193	0.130	0.020	0.132	147.000	6.682	9.000E-4
7	7	1.698	1.642	1.345	1.076	1.137	14.117	15685.000	12.419	0.011
7	8	0.346	1.660	0.760	0.377	0.225	2.065	2294.000	9.176	0.002
7	9	2.595	1.710	0.168	0.123	0.016	0.103	114.000	6.333	9.000E-4
7	10	1.108	2.241	0.379	0.142	0.042	0.271	301.000	6.404	0.000
7	11	2.692	2.862	0.329	0.181	0.047	0.315	350.000	6.731	9.000E-4
7	12	1.133	2.892	0.571	0.253	0.113	1.009	1121.000	8.897	9.000E-4
8	0	2.220	0.296	0.463	0.329	0.120	0.811	901.000	6.774	9.000E-4
8	1	1.495	0.317	0.290	0.206	0.047	0.352	391.000	7.519	0.002
8	2	0.768	0.845	1.482	0.267	0.310	2.224	2471.000	7.162	0.005
8	3	2.187	0.872	0.264	0.169	0.035	0.271	301.000	7.718	9.000E-4
8	4	2.896	0.887	0.222	0.145	0.025	0.190	211.000	7.536	9.000E-4
8	5	1.686	1.663	1.382	1.068	1.159	13.764	15293.000	11.873	0.007
8	6	0.306	1.631	0.668	0.362	0.190	1.829	2032.000	9.630	0.003
8	7	0.690	1.830	0.197	0.128	0.020	0.123	137.000	6.227	9.000E-4
8	8	1.125	2.889	0.615	0.263	0.127	1.141	1268.000	8.993	9.000E-4
8	9	2.690	2.878	0.318	0.202	0.050	0.360	400.000	7.143	9.000E-4
9	0	2.215	0.296	0.439	0.342	0.118	0.840	933.000	7.122	9.000E-4
9	1	1.516	0.294	0.283	0.186	0.041	0.307	341.000	7.413	9.000E-4
9	2	1.239	0.717	0.492	0.277	0.107	0.704	782.000	6.571	9.000E-4
9	3	0.459	0.932	0.823	0.299	0.194	1.472	1636.000	7.609	9.000E-4
9	4	2.197	0.857	0.191	0.150	0.022	0.180	200.000	8.000	9.000E-4
9	5	2.458	0.834	0.193	0.125	0.019	0.122	136.000	6.476	0.000
9	6	1.688	1.659	1.405	1.048	1.156	13.876	15418.000	11.998	0.012
9	7	0.324	1.634	0.781	0.346	0.212	1.875	2083.000	8.826	0.003
9	8	1.131	2.892	0.562	0.255	0.112	1.064	1182.000	9.456	9.000E-4
9	9	2.685	2.894	0.281	0.204	0.045	0.319	355.000	7.100	9.000E-4
10	0	2.565	0.055	0.160	0.129	0.016	0.099	110.000	6.111	9.000E-4
10	1	2.248	0.286	0.457	0.318	0.114	0.797	886.000	6.976	0.002
10	2	1.522	0.272	0.282	0.174	0.039	0.324	360.000	8.372	9.000E-4
10	3	0.674	0.867	1.396	0.259	0.283	2.074	2304.000	7.314	0.004
10	4	2.460	0.825	0.168	0.123	0.016	0.109	121.000	6.722	9.000E-4
10	5	2.209	0.847	0.227	0.121	0.022	0.142	158.000	6.583	0.000
10	6	2.790	0.858	0.190	0.157	0.023	0.178	198.000	7.615	9.000E-4
10	7	1.682	1.663	1.407	1.061	1.172	13.894	15438.000	11.857	0.009
10	8	0.339	1.640	0.747	0.368	0.216	1.943	2159.000	8.996	0.002
10	9	1.122	2.886	0.563	0.273	0.121	0.962	1069.000	7.978	9.000E-4
10	10	2.693	2.905	0.246	0.196	0.038	0.275	305.000	7.262	9.000E-4
11	0	2.238	0.307	0.441	0.307	0.106	0.738	820.000	6.949	9.000E-4
11	1	1.527	0.297	0.338	0.173	0.046	0.353	392.000	7.686	9.000E-4
11	2	1.239	0.731	0.491	0.233	0.090	0.608	676.000	6.760	9.000E-4
11	3	0.471	0.950	0.865	0.278	0.189	1.378	1531.000	7.290	0.002
11	4	2.779	0.855	0.217	0.153	0.026	0.183	203.000	7.000	9.000E-4
11	5	1.665	1.603	1.431	0.899	1.010	12.245	13606.000	12.127	0.008
11	6	0.318	1.618	0.712	0.354	0.198	1.768	1965.000	8.932	0.002
11	7	1.834	2.243	0.397	0.268	0.084	0.698	776.000	8.344	9.000E-4
11	8	1.128	2.884	0.535	0.274	0.115	0.960	1067.000	8.336	9.000E-4
11	9	2.714	2.907	0.224	0.209	0.037	0.236	262.000	6.390	9.000E-4
12	0	2.565	0.055	0.160	0.129	0.016	0.095	106.000	5.889	0.000
12	1	2.235	0.295	0.469	0.322	0.119	0.806	896.000	6.788	0.002
12	2	1.517	0.296	0.269	0.217	0.046	0.341	379.000	7.431	9.000E-4
12	3	1.239	0.738	0.453	0.207	0.074	0.476	529.000	6.451	9.000E-4
12	4	0.462	0.939	0.787	0.300	0.185	1.357	1508.000	7.320	0.003
12	5	2.276	0.853	0.314	0.175	0.043	0.289	321.000	6.688	9.000E-4
12	6	2.722	0.845	0.233	0.123	0.022	0.150	167.000	6.680	9.000E-4
12	7	1.661	1.607	1.382	0.938	1.018	12.270	13633.000	12.054	0.006
12	8	0.339	1.646	0.748	0.348	0.204	1.823	2026.000	8.925	0.002
12	9	1.788	2.281	0.423	0.311	0.103	0.832	924.000	8.035	9.000E-4
12	10	1.107	2.906	0.607	0.219	0.104	0.888	987.000	8.509	9.000E-4
12	11	2.703	2.907	0.222	0.180	0.032	0.208	231.000	6.600	9.000E-4
13	0	2.233	0.286	0.454	0.277	0.099	0.668	742.000	6.745	9.000E-4
13	1	1.219	0.731	0.454	0.210	0.075	0.481	535.000	6.446	0.002
13	2	2.415	0.810	0.168	0.123	0.016	0.108	120.000	6.667	9.000E-4
13	3	0.450	0.972	0.767	0.320	0.193	1.383	1537.000	7.182	0.002
13	4	2.190	0.870	0.197	0.128	0.020	0.156	173.000	7.864	9.000E-4
13	5	1.663	1.607	1.369	0.959	1.030	12.267	13630.000	11.904	0.006
13	6	0.377	1.661	0.804	0.341	0.215	1.951	2168.000	9.071	0.003
13	7	1.821	2.278	0.409	0.325	0.104	0.811	901.000	7.767	9.000E-4
13	8	1.120	2.897	0.593	0.232	0.108	0.832	924.000	7.700	0.002
13	9	2.739	2.934	0.226	0.152	0.027	0.216	240.000	8.000	9.000E-4
14	0	2.625	0.045	0.237	0.102	0.019	0.127	141.000	6.714	9.000E-4
14	1	2.257	0.304	0.410	0.352	0.113	0.774	860.000	6.825	9.000E-4
14	2	1.525	0.275	0.235	0.132	0.024	0.169	188.000	6.963	9.000E-4
14	3	1.254	0.710	0.462	0.171	0.062	0.406	451.000	6.536	9.000E-4
14	4	0.457	0.945	0.755	0.306	0.182	1.308	1453.000	7.193	0.002
14	5	2.192	0.887	0.204	0.152	0.024	0.185	206.000	7.630	9.000E-4
14	6	1.648	1.612	1.475	0.893	1.035	12.008	13342.000	11.602	0.009
14	7	0.334	1.637	0.666	0.310	0.162	1.523	1692.000	9.400	0.002
14	8	1.811	2.279	0.405	0.306	0.097	0.678	753.000	6.972	9.000E-4
14	9	1.113	2.892	0.539	0.255	0.108	0.864	960.000	8.000	9.000E-4
14	10	2.707	2.901	0.237	0.150	0.028	0.168	187.000	6.032	9.000E-4
15	0	2.263	0.311	0.397	0.314	0.098	0.679	755.000	6.927	9.000E-4
15	1	1.453	0.267	0.171	0.114	0.015	0.094	104.000	6.118	9.000E-4
15	2	1.176	0.750	0.444	0.235	0.082	0.560	622.000	6.835	9.000E-4
15	3	0.453	0.944	0.766	0.307	0.184	1.279	1421.000	6.932	9.000E-4
15	4	2.219	0.872	0.204	0.107	0.017	0.116	129.000	6.789	0.000
15	5	1.695	1.549	1.242	0.998	0.974	11.739	13043.000	12.055	0.011
15	6	0.300	1.633	0.607	0.342	0.163	1.434	1593.000	8.801	0.002
15	7	1.814	2.279	0.421	0.286	0.095	0.691	768.000	7.314	9.000E-4
15	8	1.038	2.244	0.283	0.178	0.040	0.254	282.000	6.409	9.000E-4
15	9	1.140	2.907	0.533	0.213	0.089	0.694	771.000	7.788	9.000E-4
15	10	2.719	2.930	0.175	0.151	0.021	0.143	159.000	6.913	9.000E-4
16	0	2.608	0.052	0.257	0.120	0.024	0.173	192.000	7.111	9.000E-4
16	1	2.277	0.299	0.363	0.296	0.085	0.575	639.000	6.798	9.000E-4
16	2	1.520	0.283	0.229	0.130	0.023	0.146	162.000	6.231	9.000E-4
16	3	1.220	0.742	0.422	0.198	0.066	0.438	487.000	6.671	9.000E-4
16	4	0.440	0.950	0.793	0.313	0.195	1.339	1488.000	6.857	0.002
16	5	2.208	0.858	0.167	0.151	0.020	0.123	137.000	6.227	0.000
16	6	1.701	1.631	1.316	1.032	1.067	11.845	13161.000	11.097	0.007
16	7	0.301	1.636	0.639	0.317	0.159	1.465	1628.000	9.198	0.002
16	8	0.978	2.249	0.299	0.134	0.032	0.203	226.000	6.457	9.000E-4
16	9	2.710	2.848	0.348	0.132	0.036	0.227	252.000	6.300	9.000E-4
16	10	1.121	2.907	0.568	0.226	0.101	0.796	884.000	7.893	9.000E-4
17	0	2.602	0.055	0.265	0.126	0.026	0.178	198.000	6.828	9.000E-4
17	1	2.268	0.306	0.387	0.260	0.079	0.504	560.000	6.364	9.000E-4
17	2	1.486	0.305	0.257	0.232	0.047	0.302	335.000	6.442	9.000E-4
17	3	1.244	0.740	0.451	0.152	0.054	0.319	354.000	5.900	9.000E-4
17	4	0.434	0.944	0.801	0.282	0.177	1.264	1404.000	7.127	0.002
17	5	1.693	1.572	1.198	0.993	0.935	10.931	12146.000	11.690	0.006
17	6	0.280	1.634	0.596	0.346	0.162	1.480	1644.000	9.133	0.002
17	7	1.817	2.278	0.382	0.255	0.076	0.531	590.000	6.941	9.000E-4
17	8	1.027	2.279	0.244	0.169	0.032	0.204	227.000	6.306	9.000E-4
17	9	2.788	2.713	0.204	0.141	0.022	0.171	190.000	7.600	9.000E-4
17	10	1.141	2.895	0.536	0.246	0.103	0.831	923.000	8.026	9.000E-4
17	11	2.758	2.928	0.166	0.131	0.017	0.113	126.000	6.632	9.000E-4
18	0	2.304	0.312	0.388	0.281	0.085	0.556	618.000	6.505	9.000E-4
18	1	1.538	0.277	0.284	0.137	0.031	0.218	242.000	7.118	9.000E-4
18	2	1.347	0.704	0.194	0.142	0.022	0.135	150.000	6.250	0.000
18	3	0.442	0.950	0.796	0.289	0.181	1.257	1397.000	6.950	9.000E-4
18	4	1.701	1.573	1.255	0.959	0.945	10.448	11609.000	11.056	0.009
18	5	0.292	1.623	0.631	0.358	0.177	1.579	1754.000	8.904	0.002
18	6	1.813	2.273	0.384	0.289	0.087	0.679	755.000	7.784	9.000E-4
18	7	0.768	2.242	0.260	0.155	0.032	0.195	217.000	6.200	9.000E-4
18	8	1.046	2.251	0.200	0.155	0.024	0.150	167.000	6.185	9.000E-4
18	9	1.124	2.907	0.566	0.225	0.100	0.770	856.000	7.712	9.000E-4
19	0	2.265	0.330	0.317	0.264	0.066	0.415	461.000	6.315	9.000E-4
19	1	1.047	0.763	0.198	0.145	0.022	0.150	167.000	6.680	9.000E-4
19	2	0.428	0.946	0.828	0.292	0.190	1.362	1513.000	7.171	0.002
19	3	1.717	1.559	1.247	0.947	0.928	10.737	11930.000	11.571	0.007
19	4	0.307	1.622	0.591	0.367	0.170	1.620	1800.000	9.524	0.002
19	5	1.823	2.268	0.382	0.321	0.096	0.688	764.000	7.140	9.000E-4
19	6	1.011	2.319	0.224	0.153	0.027	0.157	175.000	5.833	0.000
19	7	1.134	2.880	0.511	0.278	0.112	0.877	974.000	7.855	0.002
20	0	2.285	0.308	0.355	0.287	0.080	0.482	536.000	6.022	9.000E-4
20	1	0.450	0.946	0.813	0.285	0.182	1.360	1511.000	7.480	0.003
20	2	1.673	1.590	1.366	0.917	0.985	10.579	11754.000	10.744	0.010
20	3	0.304	1.639	0.612	0.341	0.164	1.518	1687.000	9.269	0.002
20	4	1.798	2.301	0.429	0.238	0.080	0.552	613.000	6.888	9.000E-4
20	5	0.685	2.233	0.196	0.146	0.022	0.145	161.000	6.440	9.000E-4
20	6	1.141	2.909	0.597	0.213	0.100	0.819	910.000	8.198	0.002
20	7	2.726	2.936	0.183	0.151	0.022	0.142	158.000	6.583	9.000E-4
21	0	2.266	0.301	0.361	0.229	0.065	0.407	452.000	6.278	0.002
21	1	1.388	0.708	0.164	0.154	0.020	0.118	131.000	5.955	0.000
21	2	0.439	0.936	0.790	0.276	0.171	1.219	1354.000	7.126	0.002
21	3	1.715	1.558	1.237	0.983	0.955	10.254	11393.000	10.738	0.008
21	4	0.294	1.632	0.658	0.326	0.168	1.627	1808.000	9.668	0.002
21	5	1.807	2.269	0.450	0.288	0.102	0.691	768.000	6.796	9.000E-4
21	6	0.705	2.255	0.160	0.129	0.016	0.096	107.000	5.944	0.000
21	7	1.125	2.906	0.634	0.215	0.107	0.857	952.000	8.000	9.000E-4
22	0	2.610	0.045	0.271	0.102	0.022	0.172	191.000	7.958	0.002
22	1	2.244	0.300	0.335	0.267	0.070	0.441	490.000	6.282	9.000E-4
22	2	0.425	0.952	0.745	0.275	0.161	1.087	1208.000	6.749	0.002
22	3	1.701	1.553	1.231	1.000	0.967	10.247	11386.000	10.592	0.005
22	4	0.307	1.623	0.638	0.331	0.166	1.534	1705.000	9.266	0.002
22	5	1.807	2.267	0.423	0.249	0.083	0.579	643.000	6.989	9.000E-4
22	6	1.111	2.902	0.582	0.222	0.102	0.766	851.000	7.531	9.000E-4
23	0	2.222	0.283	0.316	0.174	0.043	0.260	289.000	6.021	9.000E-4
23	1	0.481	0.956	0.575	0.229	0.103	0.732	813.000	7.070	9.000E-4
23	2	0.070	0.925	0.168	0.123	0.016	0.110	122.000	6.778	0.000
23	3	1.706	1.545	1.300	0.947	0.967	10.307	11452.000	10.653	0.008
23	4	0.315	1.650	0.642	0.364	0.184	1.530	1700.000	8.333	0.003
23	5	1.839	2.269	0.398	0.276	0.086	0.624	693.000	7.219	0.002
23	6	0.976	2.266	0.230	0.155	0.028	0.166	184.000	5.935	9.000E-4
23	7	1.103	2.906	0.642	0.209	0.105	0.850	945.000	8.077	9.000E-4
24	0	2.620	0.055	0.168	0.123	0.016	0.094	104.000	5.778	0.000
24	1	2.247	0.313	0.364	0.167	0.048	0.298	331.000	6.245	9.000E-4
24	2	0.417	0.944	0.758	0.245	0.146	1.056	1173.000	7.241	0.003
24	3	1.707	1.560	1.257	0.947	0.934	9.924	11027.000	10.623	0.010
24	4	0.307	1.616	0.655	0.283	0.146	1.300	1445.000	8.920	0.002
24	5	1.776	2.262	0.443	0.225	0.078	0.575	639.000	7.345	9.000E-4
24	6	1.007	2.252	0.229	0.125	0.022	0.148	164.000	6.560	9.000E-4
24	7	1.134	2.906	0.515	0.225	0.091	0.706	785.000	7.772	9.000E-4
24	8	2.740	2.935	0.202	0.142	0.022	0.140	156.000	6.240	0.000
25	0	2.292	0.331	0.393	0.236	0.073	0.463	514.000	6.346	9.000E-4
25	1	0.394	0.948	0.776	0.247	0.150	1.022	1135.000	6.796	0.002
25	2	1.682	1.566	1.218	0.964	0.922	9.614	10682.000	10.421	0.009
25	3	0.327	1.625	0.628	0.290	0.143	1.134	1260.000	7.925	0.004
25	4	1.769	2.256	0.416	0.262	0.085	0.607	675.000	7.105	9.000E-4
25	5	1.094	2.912	0.640	0.204	0.103	0.775	861.000	7.553	0.002
25	6	2.737	2.931	0.200	0.155	0.024	0.145	161.000	5.963	9.000E-4
26	0	2.273	0.329	0.437	0.186	0.064	0.397	441.000	6.211	9.000E-4
26	1	0.388	0.942	0.796	0.255	0.159	1.058	1176.000	6.644	0.002
26	2	1.701	1.565	1.253	0.928	0.913	9.552	10613.000	10.456	0.005
26	3	0.320	1.620	0.660	0.271	0.140	1.259	1399.000	8.968	0.002
26	4	1.779	2.269	0.341	0.235	0.063	0.392	436.000	6.229	9.000E-4
26	5	0.990	2.261	0.196	0.164	0.025	0.178	198.000	7.071	9.000E-4
26	6	1.140	2.902	0.568	0.230	0.103	0.858	953.000	8.360	9.000E-4
26	7	2.719	2.934	0.213	0.156	0.026	0.160	178.000	6.138	9.000E-4
27	0	2.597	0.055	0.225	0.127	0.022	0.152	169.000	6.760	9.000E-4
27	1	2.227	0.341	0.458	0.190	0.068	0.416	462.000	6.079	0.002
27	2	0.411	0.940	0.751	0.264	0.156	1.066	1184.000	6.844	0.002
27	3	1.680	1.567	1.196	0.946	0.888	9.210	10233.000	10.368	0.007
27	4	0.289	1.622	0.619	0.324	0.158	1.250	1389.000	7.937	0.002
27	5	1.789	2.249	0.326	0.250	0.064	0.446	495.000	6.972	9.000E-4
27	6	1.131	2.902	0.566	0.219	0.097	0.726	807.000	7.472	9.000E-4
28	0	2.592	0.058	0.166	0.131	0.017	0.111	123.000	6.474	9.000E-4
28	1	2.348	0.317	0.233	0.187	0.034	0.219	243.000	6.395	9.000E-4
28	2	2.143	0.383	0.191	0.150	0.022	0.137	152.000	6.080	0.000
28	3	0.387	0.945	0.739	0.254	0.148	0.993	1103.000	6.726	0.002
28	4	1.707	1.552	1.183	0.958	0.890	9.256	10285.000	10.399	0.007
28	5	0.310	1.632	0.676	0.273	0.145	1.174	1304.000	8.099	0.002
28	6	1.783	2.281	0.352	0.284	0.078	0.533	592.000	6.805	9.000E-4
28	7	2.793	2.623	0.171	0.114	0.015	0.105	117.000	6.882	9.000E-4
28	8	1.111	2.914	0.622	0.204	0.100	0.746	829.000	7.468	9.000E-4
29	0	2.404	0.314	0.342	0.167	0.045	0.273	303.000	6.060	0.000
29	1	0.402	0.944	0.693	0.248	0.135	0.909	1010.000	6.733	9.000E-4
29	2	1.712	1.548	1.202	0.906	0.855	8.865	9850.000	10.368	0.007
29	3	0.425	1.665	0.650	0.271	0.139	1.011	1123.000	7.292	0.002
29	4	1.827	2.265	0.310	0.274	0.067	0.506	562.000	7.595	9.000E-4
29	5	1.147	2.916	0.566	0.190	0.085	0.661	735.000	7.819	0.002
29	6	2.742	2.942	0.232	0.133	0.024	0.156	173.000	6.407	9.000E-4
30	0	2.605	0.070	0.168	0.123	0.016	0.103	114.000	6.333	0.000
30	1	2.357	0.303	0.194	0.160	0.024	0.157	174.000	6.444	9.000E-4
30	2	0.357	0.956	0.730	0.239	0.137	0.967	1074.000	7.066	0.002
30	3	1.709	1.550	1.169	0.942	0.865	8.642	9602.000	9.992	0.007
30	4	0.358	1.639	0.484	0.291	0.111	0.851	946.000	7.691	9.000E-4
30	5	1.822	2.265	0.389	0.230	0.070	0.474	527.000	6.756	9.000E-4
30	6	1.020	2.250	0.197	0.128	0.020	0.137	152.000	6.909	9.000E-4
30	7	1.143	2.921	0.612	0.185	0.089	0.758	842.000	8.505	9.000E-4
30	8	2.735	2.935	0.235	0.132	0.024	0.155	172.000	6.370	9.000E-4
31	0	2.415	0.349	0.229	0.145	0.026	0.167	186.000	6.414	9.000E-4
31	1	2.118	0.388	0.166	0.131	0.017	0.108	120.000	6.316	9.000E-4
31	2	0.406	0.949	0.771	0.217	0.131	0.886	985.000	6.747	0.003
31	3	1.712	1.558	1.165	0.927	0.849	8.410	9344.000	9.909	0.004
31	4	0.356	1.624	0.439	0.287	0.099	0.792	880.000	8.000	9.000E-4
31	5	1.819	2.293	0.363	0.240	0.068	0.414	460.000	6.053	9.000E-4
31	6	0.987	2.250	0.190	0.181	0.027	0.179	199.000	6.633	9.000E-4
31	7	1.158	2.903	0.502	0.226	0.089	0.711	790.000	7.980	0.002
31	8	2.747	2.913	0.201	0.165	0.026	0.159	177.000	6.103	9.000E-4
